0 0 0
128 174 128
241 214 145
177 122 101
111 184 210
216 101 79
221 130 101
144 238 144
192 104 88
220 245 20
78 63 0
255 250 220
230 220 70
200 200 235
250 250 210
244 214 49
0 151 206
216 101 79
183 156 220
183 214 211
152 189 207
111 184 210
178 212 242
68 172 100
111 197 131
85 188 255
0 145 30
214 230 130
78 63 0
218 255 255
170 250 250
140 224 228
188 65 28
216 191 216
145 60 66
150 98 83
177 122 101
244 214 49
250 250 225
200 200 215
68 131 98
128 174 128
83 146 164
83 146 164
162 115 105
162 115 105
141 93 137
141 93 137
182 166 110
182 166 110
188 135 166
188 135 166
154 150 201
154 150 201
177 140 190
177 140 190
30 111 85
30 111 85
210 157 166
210 157 166
48 129 126
48 129 126
98 153 112
98 153 112
69 110 53
166 113 137
122 101 38
122 101 38
253 135 192
145 92 109
46 101 131
0 108 112
0 108 112
250 250 225
127 150 88
127 150 88
159 116 163
159 116 163
125 102 154
125 102 154
106 174 155
106 174 155
154 146 83
154 146 83
126 126 55
201 160 133
201 160 133
78 152 141
78 152 141
174 140 103
174 140 103
139 126 177
139 126 177
148 120 72
148 120 72
186 135 135
186 135 135
99 106 24
156 171 108
156 171 108
64 123 147
64 123 147
138 95 74
97 113 158
126 161 197
194 195 164
85 188 255
88 106 215
88 106 215
88 106 215
88 106 215
88 106 215
88 106 215
88 106 215
88 106 215
244 214 49
200 200 215
250 250 225
82 174 128
57 157 110
60 143 83
92 162 109
255 244 209
255 244 209
255 244 209
255 244 209
201 121 77
70 163 117
188 91 95
177 122 101
166 84 94
182 105 107
229 147 118
229 147 118
174 122 90
174 122 90
201 112 73
201 112 73
194 142 0
194 142 0
241 213 144
203 179 77
203 179 77
229 204 109
229 204 109
255 243 152
255 243 152
209 185 85
209 185 85
248 223 131
248 223 131
255 230 138
196 172 68
255 255 167
255 250 160
255 237 145
242 217 123
242 217 123
222 198 101
177 122 101
213 124 109
184 105 108
150 208 243
62 162 114
62 162 114
62 162 114
242 206 142
250 210 139
255 255 207
177 122 101
182 228 255
175 216 244
197 165 145
197 165 145
172 138 115
172 138 115
202 164 140
224 186 162
224 186 162
255 245 217
206 110 84
210 115 89
203 108 81
233 138 112
195 100 73
181 85 57
152 55 13
159 63 27
166 70 38
218 123 97
225 130 104
224 97 76
255 244 209
184 122 154
211 171 143
47 150 103
255 244 209
173 121 88
188 95 76
255 239 172
226 202 134
253 232 158
244 217 154
205 179 108
205 179 108
186 124 161
177 122 101
255 255 220
234 234 194
204 142 178
180 119 153
216 132 105
255 253 229
205 167 142
204 168 143
255 224 199
221 130 101
0 145 30
139 150 98
249 180 111
157 108 162
203 136 116
185 102 83
185 102 83
247 182 164
247 182 164
222 154 132
124 186 223
249 186 150
249 186 150
244 170 147
255 181 158
255 190 165
227 153 130
213 141 113
213 141 113
193 123 103
216 146 127
230 158 140
245 172 147
245 172 147
241 172 151
241 172 151
177 124 92
171 85 68
217 198 131
212 188 102
185 135 134
185 135 134
198 175 125
194 98 79
177 122 101
177 122 101
177 122 101
177 122 101
177 122 101
177 122 101
177 122 101
177 122 101
177 122 101
177 122 101
177 122 101
177 122 101
177 122 101
177 122 101
255 238 170
206 111 93
177 122 101
177 122 101
177 122 101
177 122 101
177 122 101
177 122 101
177 122 101
177 122 101
177 122 101
177 122 101
177 122 101
177 122 101
216 186 0
255 226 77
255 243 106
255 234 92
240 210 35
224 194 0
213 99 79
217 102 81
0 147 202
0 122 171
186 77 64
111 197 131
240 255 30
185 232 61
0 226 255
251 159 255
230 169 29
0 194 113
104 160 249
221 108 158
137 142 0
230 70 0
0 147 0
0 147 248
231 0 206
129 78 0
0 116 0
0 0 255
157 0 0
100 100 130
205 205 100
